4758690316694508|03|2024|914
4758690316538796|03|2027|845
4758690316802945|05|2024|331
4758690316837412|06|2024|347
4758690316912785|10|2027|877
4758690316340862|10|2024|860
4758690316843915|08|2027|567
4758690316459308|08|2027|986
4758690316937014|03|2030|487
4758690316098213|10|2028|850
4758690316032964|01|2028|661
4758690316186547|08|2028|790
4758690316034812|08|2029|459
4758690316952716|08|2027|667
4758690316519820|02|2029|715
4758690316432610|09|2025|891
4758690316473168|08|2030|289
4758690316986540|01|2028|777
4758690316281645|07|2030|841
4758690316429756|03|2027|648
4758690316561970|03|2026|663
4758690316125479|04|2028|335
4758690316249501|02|2030|344
4758690316054836|03|2024|622
4758690316516974|07|2024|952
4758690316386451|04|2026|732
4758690316258437|08|2029|298
4758690316147325|11|2027|403
4758690316756349|10|2026|356
4758690316903156|03|2025|807
4758690316841703|09|2026|103
4758690316931876|08|2030|646
4758690316742851|05|2029|344
4758690316170285|04|2026|143
4758690316870215|01|2024|287
4758690316621097|09|2030|714
4758690316145360|07|2026|211
4758690316465073|06|2029|522
4758690316174956|07|2026|641
4758690316957632|06|2025|947
4758690316756893|03|2029|504
4758690316063159|01|2027|451
4758690316926587|01|2026|904
4758690316470891|12|2027|130
4758690316015498|11|2026|151
4758690316386519|07|2028|641
4758690316164239|08|2027|232
4758690316258403|12|2027|373
4758690316569841|05|2027|227
4758690316703648|01|2028|598
4758690316058746|11|2025|139
4758690316078439|12|2029|654
4758690316614795|05|2029|789
4758690316732910|11|2027|784
4758690316379241|02|2030|213
4758690316491376|03|2025|329
4758690316248065|10|2025|467
4758690316478159|10|2026|217
4758690316357908|12|2024|289
4758690316029531|01|2029|367
4758690316729031|06|2029|863
4758690316230675|04|2024|987
4758690316930852|08|2030|955
4758690316964208|11|2027|755
4758690316827603|12|2030|588
4758690316640915|03|2027|287
4758690316234917|03|2026|586
4758690316914732|08|2027|567
4758690316146590|09|2025|552
4758690316021439|05|2024|748
4758690316792351|08|2028|384
4758690316450216|12|2024|111
4758690316847320|01|2024|420
4758690316718265|04|2030|675
4758690316135072|01|2029|219
4758690316098627|09|2026|228
4758690316936271|01|2027|249
4758690316745912|12|2029|247
4758690316524689|03|2024|737
4758690316803562|10|2029|238
4758690316746308|04|2027|668
4758690316973852|07|2028|870
4758690316921083|02|2027|617
4758690316593148|08|2025|509
4758690316971625|09|2030|896
4758690316946718|10|2029|358
4758690316652431|11|2024|366
4758690316289374|12|2024|467
4758690316509318|01|2029|356
4758690316598071|09|2029|929
4758690316934086|05|2029|762
4758690316361280|11|2025|894
4758690316427180|02|2024|383
4758690316910458|04|2027|391
4758690316763295|11|2029|748
4758690316057946|02|2026|457
4758690316519762|05|2029|492
4758690316543820|02|2026|185
4758690316604713|09|2025|335
4758690316385602|11|2029|463
4758690316493257|04|2027|500
4758690316172596|05|2024|655
4758690316653041|03|2030|842
4758690316874936|05|2024|139
4758690316847502|04|2029|549
4758690316428931|08|2028|832
4758690316153240|02|2024|151
4758690316631492|10|2027|303
4758690316604879|06|2027|760
4758690316251978|11|2028|439
4758690316143605|05|2027|213
4758690316369127|10|2024|946
4758690316603285|12|2029|697
4758690316571862|04|2029|833
4758690316267198|04|2029|665
4758690316208176|10|2028|854
4758690316409253|07|2025|817
4758690316176845|10|2029|550
4758690316715238|07|2027|805
4758690316071368|04|2027|912
4758690316731094|03|2024|704
4758690316783426|02|2025|371
4758690316916430|05|2024|165
4758690316076912|10|2026|713
4758690316471238|07|2030|716
4758690316534910|09|2029|920
4758690316670938|11|2027|249
4758690316649718|10|2025|102
4758690316615479|04|2027|596
4758690316962053|07|2028|224
4758690316843501|06|2025|857
4758690316149503|10|2029|327
4758690316927635|02|2027|673
4758690316697402|05|2025|999
4758690316205164|12|2025|299
4758690316576903|10|2026|450
4758690316457310|09|2024|898
4758690316257801|08|2026|198
4758690316863715|05|2029|355
4758690316816259|07|2028|995
4758690316608375|10|2029|927
4758690316608912|08|2028|508
4758690316741069|02|2024|623
4758690316803497|10|2029|463
4758690316079635|11|2028|632
4758690316425036|12|2027|268
4758690316956832|09|2029|274
4758690316158926|10|2028|487
4758690316136542|11|2028|934
4758690316273865|04|2027|438
4758690316387251|07|2027|221
4758690316816374|07|2025|143
4758690316365927|03|2028|956
4758690316534167|12|2029|641
4758690316967854|02|2030|545
4758690316560287|07|2026|464
4758690316651078|06|2027|785
4758690316418650|09|2028|684
4758690316270614|07|2025|885
4758690316610785|10|2030|212
4758690316673429|12|2025|273
4758690316156094|11|2030|402
4758690316398415|03|2025|212
4758690316217680|10|2030|547
4758690316631849|07|2030|100
4758690316178304|03|2028|469
4758690316014327|02|2025|319
4758690316305964|06|2027|713
4758690316418296|04|2027|520
4758690316472681|02|2028|506
4758690316186042|11|2030|673
4758690316405319|02|2027|543
4758690316751068|03|2028|668
4758690316405178|12|2027|317
4758690316801459|11|2025|776
4758690316102874|07|2027|132
4758690316748395|01|2026|177
4758690316795362|04|2030|583
4758690316274038|10|2028|209
4758690316847635|04|2028|510
4758690316023641|04|2025|929
4758690316471360|12|2027|536
4758690316374069|06|2024|264
4758690316574916|05|2028|826
4758690316437056|02|2026|247
4758690316764012|05|2030|892
4758690316386295|08|2030|415
4758690316768534|10|2026|586
4758690316382096|12|2026|207
4758690316620958|10|2026|925
4758690316623804|03|2028|470
4758690316598246|06|2029|133
4758690316062391|07|2030|127
4758690316530298|07|2024|724
4758690316279680|09|2025|292
4758690316287634|11|2029|930
4758690316380462|09|2029|758
4758690316062847|09|2029|752
4758690316186430|12|2026|296
4758690316298763|04|2029|734